       -650
       1627
      18419
      33969
      44828
      50528
      55662
      74465
      73085
     100132
     105166
     102145
      80242
      79694
      82554
      95610
      87261
      95623
      84879
      97235
      97026
     106725
     106473
     103524
      91674
      65664
      49045
      25762
      15345
      20933
      17860
      14964
      13359
       2556
      -4206
     -10161
     -25038
     -48835
     -70249
     -81324
     -77666
     -98583
     -94455
     -97565
     -77927
     -82687
     -94696
    -105401
    -118145
    -112912
    -122740
    -120100
    -104981
     -93173
     -63361
     -54152
     -49725
     -57742
     -39474
     -25779
       -904
       3042
       9863
       9220
      13300
      20582
       9533
      12869
      25681
      52596
      74785
      80334
      68945
      74453
      83902
      93857
     101571
     100805
      88852
      88832
      81869
      94802
      75881
      66539
      62500
      58994
      66580
      69490
      76827
      67475
      38443
      31101
      12139
      12430
       8557
      13610
      -3609
      -6868
     -29846
     -32858
     -42622
     -49602
     -59086
     -75451
     -92299
    -100401
     -93672
    -110720
    -112746
     -99807
     -87288
     -91345
    -105526
    -100542
     -92473
     -73168
     -77735
     -61918
     -65037
     -66841
     -68340
     -59137
     -47546
     -43366
     -26461
     -21553
