2114
-16857
18757
41958
56855
37494
43208
113220
25509
116849
125476
118739
53075
72543
82081
117722
63613
121289
58061
110006
90347
114226
102353
114943
106639
43264
71425
12519
-13447
48332
14114
2150
34635
-4788
-13787
866
-13703
-45311
-92894
-94783
-37029
-128960
-88167
-124824
-47292
-76484
-99322
-102883
-143655
-80048
-141649
-135437
-86180
-123554
-45462
-38799
-40883
-90082
-30500
-35528
19356
-3317
21724
-2939
4894
54043
-10499
3802
16750
46938
98837
103233
35414
74969
92558
85480
112478
111614
79053
93059
50485
145395
60790
50839
72701
49661
72408
50246
103655
92135
-3520
55696
-799
4729
7265
36759
-25658
21129
-56502
-25644
-37768
-58594
-50177
-60116
-114969
-125168
-42370
-128551
-144834
-93424
-61812
-82538
-128874
-108510
-95860
-39381
-116642
-40646
-54876
-74186
-84565
-52139
-37621
-64262
-7610
-34013
