0
9983
19867
29552
38942
47943
56464
64422
71736
78333
84147
89121
93204
96356
98545
99749
99957
99166
97385
94630
90930
86321
80850
74571
67546
59847
51550
42738
33499
23925
14112
4158
-5837
-15775
-25554
-35078
-44252
-52984
-61186
-68777
-75680
-81828
-87158
-91617
-95160
-97753
-99369
-99992
-99616
-98245
-95892
-92581
-88345
-83227
-77276
-70554
-63127
-55069
-46460
-37388
-27942
-18216
-8309
1681
11655
21512
31154
40485
49411
57844
65699
72897
79367
85044
89871
93800
96792
98817
99854
99894
98936
96989
94073
90217
85460
79849
73440
66297
58492
50102
41212
31910
22289
12445
2478
-7515
-17433
-27176
-36648
-45754
-54402
-62507
-69987
-76769
-82783
-87970
-92278
-95664
-98094
-99544
-99999
-99455
-97918
-95402
-91933
-87545
-82283
-76198
-69353
-61814
-53657
-44965
-35823
-26323
-16560
-6632
